1000        980        870        1000        970
940        920        950        990        890
940        930        960        990        770
840        980        860        880        810
810        960        950        990        920
720        840        990        1080        840
710        930        850        1080        990
730        980        870        1050        1010
910        880        930        1070        990
1030        960        790        1030        960
740        910        920        1000        970
1000        780        1080        1050        970
1010        800        910        1050        900
1070        940        970        950        970
1040        1110        1010        940        1030
980        1010        860        800        1020
1030        950        960        750        1000
1080        980        1000        970        970
1020        910        940        850        860
1000        790        900        760        830
1010        850        1050        940        890
980        910        1010        850        870
850        810        930        880        780
1000        900        980        920        860
910        1070        940        950        900
930        980        840        820        800
930        910        930        860        820
870        970        950        890        880
970        930        870        770        830
950        900        960        820        890
970        900        960        1010        910
970        900        870        880        830
1000        780        750        960        770
990        810        740        880        760
910        950        1010        760        750
980        1000        900        730        700
1000        900        940        750        720
900        1030        990        920        790
930        1000        1010        820        760
1040        970        910        870        730
920        1040        1010        880        720
970        1040        1000        730        680
980        1000        900        820        660
810        1040        860        1040        670
850        1010        1000        870        710
940        930        790        930        960
800        930        690        1000        960
890        930        880        910        880
890        880        1050        960        870
890        970        950        1030        840
790        970        1090        960        810
970        930        1030        990        780
970        900        940        1030        760
900        970        980        930        730
730        970        1010        950        770
990        890        930        970        830
990        920        910        990        830
910        950        910        930        860
880        920        960        870        1020
900        900        910        740        1010
760        960        990        730        920
880        800        970        1000        930
1090        720        890        910        900
1050        870        940        1000        870
940        920        940        970        820
970        970        890        800        830
1000        990        910        710        850
970        970        910        920        820
1030        880        880        840        730
970        970        850        920        740
940        950        900        900        720
1000        850        900        870        690
1000        880        820        990        660
950        930        870        1060        650
970        860        960        1080        730
970        850        850        1100        770
890        1060        910        1090        780
930        1030        940        1060        740
920        910        820        1060        770
880        990        820        1050        890
940        1020        920        1060        850
960        920        860        1030        760
870        1000        760        1030        820
950        1020        840        1040        960
1000        950        910        1020        880
920        950        830        1050        970
960        980        1010        1040        1000
960        960        1030        920        970
810        940        940        1090        980
800        990        1000        1080        1000
880        890        990        1030        1000
960        940        920        870        920
820        980        1030        900        950
930        920        1040        900        960
1060        950        1000        790        900
990        970        1050        740        950
910        990        1040        820        960
950        990        950        1080        970
890        1050        1000        1020        970
760        1020        1020        990        1000
770        930        920        1030        1000
840        950        970        960        980
1060        1010        1000        800        990
990        1000        920        880        930
890        910        940        970        970
960        930        970        920        970
950        950        930        810        840
820        840        960        860        940
890        1060        1040        890        960
980        1030        1000        790        870
860        930        970        990        1000
860        890        1060        1000        1040
990        1010        1020        910        920
950        1010        980        960        990
790        900        990        1020        1010
910        930        960        950        980
1020        1000        880        930        1010
910        880        840        960        1010
950        910        970        950        990
960        1020        960        830        1020
920        960        860        720        1030
960        990        840        690        940
980        1010        820        670        980
910        970        750        850        1000
950        830        710        1090        910
960        950        730        1030        920
900        1030        1020        1070        940
920        900        930        990        820
920        980        1010        1050        810
800        990        1040        1050        890
870        900        900        960        860
950        870        880        950        820
860        990        890        1000        910
970        980        820        980        910
1010        950        740        960        820
910        1010        830        1010        930
980        1010        920        1030        970
970        950        990        1030        880
850        940        1020        910        910
910        950        900        1000        970
940        880        980        1020        850
860        840        1020        830        840
950        1020        950        820        980
990        980        1010        1040        900
850        900        1030        1060        850
930        950        960        1030        990
980        980        980        960        1020
860        870        950        960        880
810        920        810        810        920
930        970        910        720        1040
990        940        760        720        910
920        950        1000        710        1040
950        990        1060        700        1000
1000        920        980        760        920
930        920        960        790        980
1020        970        1000        1130        910
1000        880        940        1060        880
900        810        850        980        930
950        930        980        1050        860
870        1010        990        1030        790
790        890        920        990        880
870        950        920        840        900
1000        990        980        860        790
850        870        930        840        860
950        960        890        750        960
1010        990        960        740        870
900        940        930        780        1030
960        970        840        820        1010
970        1000        910        770        950
920        920        900        740        990
990        770        800        860        1010
970        700        870        790        950
900        690        960        750        1010
940        980        890        730        960
930        950        830        710        860
910        900        950        460        870
1020        790        960        960        910
1010        790        870        940        820
950        810        950        880        940
1030        760        910        930        980
1020        730        830        980        870
940        950        920        900        1010
950        960        1020        780        1020
990        950        940        800        970
900        950        760        920        1030
960        970        810        910        1020
1030        890        940        910        930
970        870        860        990        970
970        940        1060        950        990
1000        960        1010        950        930
890        920        970        870        940
880        850        1130        930        1010
890        990        1040        970        980
910        1020        1020        900        990
810        930        1100        940        1050
940        1000        980        1060        990
1030        970        990        990        1000
890        890        1080        990        1020
970        950        970        960        980
980        950        1010        960        1010
890        880        1060        940        1030
950        950        980        930        1010
970        990        990        980        1010
890        940        1000        840        1020
950        980        840        870        930
950        950        890        970        860
860        910        890        830        1040
930        940        800        950        1000
910        900        870        1000        990
820        820        910        890        1040
890        870        860        890        940
910        910        780        860        950
760        820        840        780        950
700        910        910        810        880
980        980        840        890        970
940        900        920        880        1090
770        980        960        840        980
870        1030        880        990        930
920        960        910        1010        990
1000        1040        940        890        900
920        1020        920        950        790
970        930        770        910        850
980        930        690        790        830
920        990        840        730        700
890        930        1090        710        700
940        930        1020        710        730
950        1020        990        700        790
880        960        990        670        810
940        930        1060        650        860
970        1000        1040        660        820
840        970        1050        740        820
870        890        1020        970        870
900        930        910        1030        890
860        960        910        1040        910
770        850        940        1000        870
880        930        940        930        820
1050        980        900        960        800
920        870        830        1000        1010
910        890        860        970        940
920        990        830        840        1010
850        930        890        850        1020
840        850        810        860        890
920        880        980        860        900
910        950        1090        990        1000
830        890        930        1050        970
960        930        1000        1040        990
1000        1010        1010        1070        1040
850        960        980        1000        1000
940        930        1000        1040        1000
950        960        960        980        1030
900        920        800        1020        1020
980        830        810        1020        960
990        890        960        870        1020
910        900        1020        910        1020
930        900        920        1000        930
950        830        1020        900        1040
920        1020        1000        860        1010
940        1000        910        930        980
890        900        1020        820        1040
810        890        1040        760        1020
870        1010        990        740        970
1010        960        1010        700        990
880        890        1030        680        1000
950        960        1000        660        950
920        970        890        660        1050
820        890        980        1010        1000
940        910        1040        990        980
990        920        940        840        1020
860        830        920        750        880
910        860        970        710        800
950        950        850        850        880
820        930        940        960        950
760        870        970        990        860
800        980        860        890        1080
810        940        870        970        1040
960        900        910        1000        940
1010        980        910        960        1030
970        910        930        920        1040
840        810        1010        930        980
910        850        940        930        1010
960        930        850        930        1020
850        850        1020        920        900
920        930        930        930        910
890        970        950        950        900
860        890        1010        950        800
810        940        910        840        1020
990        1010        900        890        1060
980        900        1020        930        930
890        820        980        840        1000
1020        930        890        800        910
930        910        900        890        760
910        840        930        930        750
950        1030        830        830        800
980        1010        910        940        810
870        870        1020        1000        1050
990        730        870        880        1010
970        690        970        960        1030
900        940        1000        1000        1080
990        970        890        960        1040
1030        990        1020        830        1020
1030        900        1020        960        1060
920        950        970        1030        970
1000        980        910        980        850
1000        1010        1030        910        900
890        940        990        920        920
950        960        910        940        920
1000        1010        1010        840        1140
950        1030        1040        890        1030
970        990        940        940        1000
990        900        1020        860        1070
910        950        970        850        1090
1010        980        900        910        1060
1030        890        1010        950        1130
920        970        990        970        1060
990        950        910        1010        1010
990        960        1050        990        1010
910        870        1040        910        940
850        890        980        880        890
980        990        1070        880        1010
920        940        1060        810        1000
810        910        920        850        950
820        1020        1000        900        1010
960        980        980        900        980
900        910        880        840        930
1020        940        940        830        1010
1030        1000        1010        1070        1000
960        820        990        890        970
1000        880        970        930        970
970        1060        970        950        850
860        1000        870        860        860
970        930        800        930        950
880        1020        970        960        900
940        970        950        880        880
980        840                880        1040
900        930                1000        1020
920                        970        930
1030                        830        1020
                        920        1060
                        1040        
                        970        
                        860        
                        900        
                        940